version https://git-lfs.github.com/spec/v1
oid sha256:4d21a9203d62599e5cfaf0631ff370c6bb48d5033836ee4d0816c36eac110aab
size 2802254
